trial_id,run_id,ObjectSpace,condition,image_file,iti,sampled_f0,sampled_f1,event_type,fix_dur,fix_kind,trial_duration_max,img_onset,img_dur,isi1_dur,isi1_type,dec_onset_est,max_dec_dur,isi2_dur,isi2_type,fb_dur
0,1,,Fixation,,0.9765315651893616,,,fixation,10.0,run_start,4.7414870262146,0.0,0.0,2.3707435131073,hidden,2.3707435131073,0.0,2.3707435131073,fixation,0.0
1,1,20.0,Medium,20_0.633_0.755.png,1.2554569244384766,0.635,0.752,,,,9.7414870262146,5.718018531799316,1.0,2.3707435131073,hidden,9.088762283325195,3.0,2.3707435131073,fixation,1.0
2,1,3.0,Incongruent,3_0.408_0.429.png,1.3798037767410278,0.414,0.435,,,,8.967604875564575,16.714962005615234,1.0,1.5968613624572754,hidden,19.311824798583984,3.0,2.3707435131073,fixation,1.0
3,1,2.0,Incongruent,2_0.939_0.061.png,1.3798037767410278,0.936,0.065,,,,8.053274035453796,27.06237030029297,1.0,1.8612825870513916,hidden,29.923654556274414,3.0,1.1919914484024048,fixation,1.0
4,1,1.0,Medium,1_0.673_0.327.png,1.3798037767410278,0.665,0.336,,,,8.523011565208435,36.49544906616211,1.0,1.7417771816253662,hidden,39.23722457885742,3.0,1.7812343835830688,fixation,1.0
5,1,9.0,Medium,9_0.204_0.000.png,1.3798037767410278,0.214,0.0,,,,8.479281783103943,46.39826583862305,1.0,2.346898078918457,hidden,49.74516296386719,3.0,1.1323837041854858,fixation,1.0
6,1,20.0,Medium,20_1.000_0.837.png,1.0060817003250122,1.0,0.834,,,,8.974175930023193,56.25735092163086,1.0,1.6034324169158936,hidden,58.860782623291016,3.0,2.3707435131073,fixation,1.0
7,1,3.0,Incongruent,3_0.449_0.388.png,1.3798037767410278,0.457,0.389,,,,9.010510921478271,66.23760986328125,1.0,2.3486392498016357,hidden,69.58625030517578,3.0,1.6618716716766357,fixation,1.0
8,1,2.0,Incongruent,2_0.612_0.204.png,1.2165452241897583,0.613,0.206,,,,7.698020815849304,76.62792205810547,1.0,1.3130933046340942,hidden,78.9410171508789,3.0,1.38492751121521,fixation,1.0
9,1,11.0,Congruent,11_0.327_0.980.png,1.1101281642913818,0.322,0.979,,,,9.345890641212463,85.54248809814453,1.0,1.9751471281051636,hidden,88.51763916015625,3.0,2.3707435131073,fixation,1.0
10,1,22.0,Congruent,13b_0.755_0.673.png,1.3798037767410278,0.751,0.683,,,,8.538037776947021,95.99850463867188,1.0,1.5262987613677979,hidden,98.5248031616211,3.0,2.0117390155792236,fixation,1.0
11,1,1.0,Medium,1_0.939_0.347.png,1.2449281215667725,0.944,0.345,,,,8.289533376693726,105.91635131835938,1.0,1.16971755027771,hidden,108.08606719970703,3.0,2.1198158264160156,fixation,1.0
12,1,18.0,Incongruent,18_0.347_0.041.png,1.3798037767410278,0.34,0.045,,,,8.998607397079468,115.45081329345703,1.0,2.3707435131073,hidden,118.8215560913086,3.0,1.627863883972168,fixation,1.0
13,1,22.0,Congruent,13b_0.694_0.612.png,1.3798037767410278,0.689,0.604,,,,9.322933912277222,125.8292236328125,1.0,1.9521903991699219,hidden,128.7814178466797,3.0,2.3707435131073,fixation,1.0
14,1,8.0,Congruent,8_0.878_0.939.png,1.3798037767410278,0.887,0.948,,,,9.7414870262146,136.53195190429688,1.0,2.3707435131073,hidden,139.9027099609375,3.0,2.3707435131073,fixation,1.0
15,1,1.0,Medium,1_0.714_0.551.png,1.0406018495559692,0.717,0.552,,,,9.573700666427612,147.6532440185547,1.0,2.2029571533203125,hidden,150.856201171875,3.0,2.3707435131073,fixation,1.0
16,1,3.0,Incongruent,3_0.408_0.245.png,1.3798037767410278,0.415,0.25,,,,8.760584354400635,158.26754760742188,1.0,2.3707435131073,hidden,161.63829040527344,3.0,1.389840841293335,fixation,1.0
17,1,18.0,Incongruent,18_0.224_0.551.png,1.3798037767410278,0.218,0.554,,,,8.887758612632751,168.40794372558594,1.0,1.5170150995254517,hidden,170.92495727539062,3.0,2.3707435131073,fixation,1.0
18,1,11.0,Congruent,11_0.612_0.755.png,1.3798037767410278,0.615,0.751,,,,7.8983012437820435,178.67550659179688,1.0,1.458956241607666,hidden,181.13446044921875,3.0,1.4393450021743774,fixation,1.0
19,1,9.0,Medium,9_0.408_0.204.png,1.2340937852859497,0.405,0.202,,,,9.7414870262146,187.95361328125,1.0,2.3707435131073,hidden,191.32435607910156,3.0,2.3707435131073,fixation,1.0
20,1,8.0,Congruent,8_0.796_0.367.png,1.3798037767410278,0.79,0.362,,,,9.062198400497437,198.92918395996094,1.0,1.7878916263580322,hidden,201.7170867919922,3.0,2.2743067741394043,fixation,1.0
21,1,18.0,Incongruent,18_0.367_0.612.png,1.3798037767410278,0.367,0.622,,,,8.3303142786026,209.37118530273438,1.0,1.7933458089828491,hidden,212.16453552246094,3.0,1.536968469619751,fixation,1.0
22,1,9.0,Medium,9_0.184_0.837.png,1.3798037767410278,0.175,0.84,,,,9.47382926940918,219.08131408691406,1.0,2.10308575630188,hidden,222.18438720703125,3.0,2.3707435131073,fixation,1.0
23,1,22.0,Congruent,13b_1.000_0.714.png,1.3798037767410278,1.0,0.706,,,,8.556703448295593,229.9349365234375,1.0,2.142754316329956,hidden,233.07769775390625,3.0,1.4139491319656372,fixation,1.0
24,1,8.0,Congruent,8_1.000_0.755.png,1.1453542709350586,1.0,0.756,,,,9.111594438552856,239.87144470214844,1.0,1.7408509254455566,hidden,242.6123046875,3.0,2.3707435131073,fixation,1.0
25,1,20.0,Medium,20_0.694_0.673.png,0.9453131556510925,0.686,0.671,,,,8.770366191864014,250.12840270996094,1.0,1.3996226787567139,hidden,252.52801513671875,3.0,2.3707435131073,fixation,1.0
26,1,11.0,Congruent,11_0.041_0.429.png,1.2264989614486694,0.041,0.434,,,,9.280630111694336,259.8440856933594,1.0,2.2104318141937256,hidden,263.05450439453125,3.0,2.0701982975006104,fixation,1.0
27,1,2.0,Incongruent,2_0.837_0.347.png,1.3798037767410278,0.843,0.354,,,,8.537248253822327,270.3511962890625,1.0,2.1431643962860107,hidden,273.494384765625,3.0,1.394083857536316,fixation,1.0
28,1,,Fixation,,1.2871474027633667,,,fixation,5.0,run_end,3.787431001663208,280.26824951171875,0.0,2.3707435131073,hidden,282.6390075683594,0.0,1.4166874885559082,fixation,0.0
29,2,,Fixation,,1.178776741027832,,,fixation,10.0,run_start,4.7414870262146,0.0,0.0,2.3707435131073,hidden,2.3707435131073,0.0,2.3707435131073,fixation,0.0
30,2,8.0,Congruent,8_0.286_0.571.png,1.0001541376113892,0.279,0.568,,,,8.152634024620056,5.920263767242432,1.0,1.2113780975341797,hidden,8.131641387939453,3.0,1.9412559270858765,fixation,1.0
31,2,9.0,Medium,9_0.224_0.265.png,0.9800719022750854,0.216,0.259,,,,9.7414870262146,15.073051452636719,1.0,2.3707435131073,hidden,18.443796157836914,3.0,2.3707435131073,fixation,1.0
32,2,2.0,Incongruent,2_0.959_0.551.png,1.030178427696228,0.957,0.551,,,,9.231067419052124,25.79461097717285,1.0,2.3707435131073,hidden,29.165353775024414,3.0,1.8603239059448242,fixation,1.0
33,2,18.0,Incongruent,18_0.204_0.469.png,1.273435354232788,0.211,0.467,,,,9.7414870262146,36.05585479736328,1.0,2.3707435131073,hidden,39.42660140991211,3.0,2.3707435131073,fixation,1.0
34,2,22.0,Congruent,13b_0.490_0.449.png,1.3798037767410278,0.498,0.452,,,,8.68784511089325,47.070777893066406,1.0,1.3171015977859497,hidden,49.387882232666016,3.0,2.3707435131073,fixation,1.0
35,2,11.0,Congruent,11_0.122_1.000.png,1.3798037767410278,0.125,1.0,,,,9.339742660522461,57.138427734375,1.0,2.3707435131073,hidden,60.50917053222656,3.0,1.9689991474151611,fixation,1.0
36,2,20.0,Medium,20_0.633_0.612.png,1.3798037767410278,0.642,0.603,,,,9.135225772857666,67.85797119140625,1.0,2.3707435131073,hidden,71.22872161865234,3.0,1.7644822597503662,fixation,1.0
37,2,11.0,Congruent,11_0.224_0.878.png,1.3798037767410278,0.224,0.87,,,,7.947224020957947,78.37300109863281,1.0,1.1370309591293335,hidden,80.5100326538086,3.0,1.8101930618286133,fixation,1.0
38,2,22.0,Congruent,13b_0.714_0.776.png,1.3798037767410278,0.719,0.775,,,,8.96517550945282,87.70003509521484,1.0,1.59443199634552,hidden,90.29446411132812,3.0,2.3707435131073,fixation,1.0
39,2,1.0,Medium,1_0.694_0.592.png,1.1184160709381104,0.687,0.59,,,,9.529600620269775,98.04501342773438,1.0,2.3707435131073,hidden,101.41575622558594,3.0,2.1588571071624756,fixation,1.0
40,2,9.0,Medium,9_0.245_0.429.png,1.3798037767410278,0.235,0.422,,,,8.346369504928589,108.69303131103516,1.0,1.5446054935455322,hidden,111.23763275146484,3.0,1.8017640113830566,fixation,1.0
41,2,8.0,Congruent,8_0.980_0.959.png,1.1638315916061401,0.984,0.961,,,,9.51149320602417,118.41920471191406,1.0,2.3707435131073,hidden,121.78994750976562,3.0,2.14074969291687,fixation,1.0
42,2,18.0,Incongruent,18_0.082_0.388.png,1.3798037767410278,0.073,0.395,,,,9.197566986083984,129.0945281982422,1.0,2.3707435131073,hidden,132.46527099609375,3.0,1.8268234729766846,fixation,1.0
43,2,1.0,Medium,1_0.592_0.367.png,1.3798037767410278,0.586,0.369,,,,9.7414870262146,139.67189025878906,1.0,2.3707435131073,hidden,143.04263305664062,3.0,2.3707435131073,fixation,1.0
44,2,3.0,Incongruent,3_0.633_0.367.png,1.0036842823028564,0.63,0.367,,,,8.017320156097412,150.79318237304688,1.0,1.4055286645889282,hidden,153.19871520996094,3.0,1.6117914915084839,fixation,1.0
45,2,1.0,Medium,1_0.837_0.408.png,1.2263257503509521,0.844,0.418,,,,9.7414870262146,159.81419372558594,1.0,2.3707435131073,hidden,163.1849365234375,3.0,2.3707435131073,fixation,1.0
46,2,3.0,Incongruent,3_0.000_0.000.png,1.3798037767410278,0.0,0.0,,,,7.772784113883972,170.78199768066406,1.0,1.2117499113082886,hidden,172.99375915527344,3.0,1.5610342025756836,fixation,1.0
47,2,22.0,Congruent,13b_0.816_0.959.png,0.9642558097839355,0.807,0.968,,,,8.43078362941742,179.93458557128906,1.0,1.9042589664459229,hidden,182.83885192871094,3.0,1.5265246629714966,fixation,1.0
48,2,2.0,Incongruent,2_0.510_0.102.png,1.1537950038909912,0.515,0.093,,,,9.7414870262146,189.3296356201172,1.0,2.3707435131073,hidden,192.70037841796875,3.0,2.3707435131073,fixation,1.0
49,2,18.0,Incongruent,18_0.102_0.000.png,0.9576703310012817,0.107,0.0,,,,8.610531091690063,200.22491455078125,1.0,1.2397875785827637,hidden,202.46470642089844,3.0,2.3707435131073,fixation,1.0
50,2,2.0,Incongruent,2_1.000_0.510.png,1.0236972570419312,1.0,0.504,,,,9.399564504623413,209.79312133789062,1.0,2.3707435131073,hidden,213.1638641357422,3.0,2.0288209915161133,fixation,1.0
51,2,3.0,Incongruent,3_0.469_0.347.png,1.3798037767410278,0.473,0.35,,,,7.460892915725708,220.21636962890625,1.0,1.2299598455429077,hidden,222.4463348388672,3.0,1.2309330701828003,fixation,1.0
52,2,20.0,Medium,20_0.796_0.673.png,1.1944901943206787,0.789,0.677,,,,8.396160125732422,229.05706787109375,1.0,1.1545355319976807,hidden,231.21160888671875,3.0,2.241624593734741,fixation,1.0
53,2,8.0,Congruent,8_0.878_0.612.png,1.3798037767410278,0.881,0.617,,,,8.463240385055542,238.64772033691406,1.0,1.5094629526138306,hidden,241.1571807861328,3.0,1.9537774324417114,fixation,1.0
54,2,11.0,Congruent,11_0.224_0.837.png,1.2197716236114502,0.223,0.842,,,,9.7414870262146,248.4907684326172,1.0,2.3707435131073,hidden,251.86151123046875,3.0,2.3707435131073,fixation,1.0
55,2,9.0,Medium,9_0.776_0.367.png,1.3798037767410278,0.785,0.374,,,,8.676653504371643,259.4520263671875,1.0,2.2960424423217773,hidden,262.7480773925781,3.0,1.3806110620498657,fixation,1.0
56,2,20.0,Medium,20_0.449_0.694.png,1.080399513244629,0.445,0.703,,,,9.375730752944946,269.50848388671875,1.0,2.3707435131073,hidden,272.8792419433594,3.0,2.0049872398376465,fixation,1.0
57,2,,Fixation,,1.02698814868927,,,fixation,5.0,run_end,4.357104420661926,279.964599609375,0.0,1.9863609075546265,hidden,281.95098876953125,0.0,2.3707435131073,fixation,0.0
58,3,,Fixation,,1.3798037767410278,,,fixation,10.0,run_start,3.7664846181869507,0.0,0.0,2.1924967765808105,hidden,2.1924967765808105,0.0,1.5739878416061401,fixation,0.0
59,3,11.0,Congruent,11_0.469_0.857.png,0.9471083879470825,0.477,0.853,,,,8.122997999191284,5.1462883949279785,1.0,1.2522544860839844,hidden,7.398542881011963,2.5,2.3707435131073,fixation,1.0
60,3,2.0,Incongruent,2_0.816_0.245.png,1.3798037767410278,0.825,0.24,,,,7.321717381477356,14.216394424438477,1.0,1.5688494443893433,hidden,16.78524398803711,2.5,1.2528679370880127,fixation,1.0
61,3,20.0,Medium,20_0.449_0.796.png,1.3798037767410278,0.451,0.792,,,,8.404927611351013,22.91791534423828,1.0,1.5341840982437134,hidden,25.45210075378418,2.5,2.3707435131073,fixation,1.0
62,3,8.0,Congruent,8_0.918_0.653.png,1.3798037767410278,0.924,0.65,,,,7.321087002754211,32.7026481628418,1.0,1.16837477684021,hidden,34.87102127075195,2.5,1.6527122259140015,fixation,1.0
63,3,9.0,Medium,9_0.163_0.510.png,1.1425909996032715,0.153,0.508,,,,7.016638994216919,41.40353775024414,1.0,1.171004056930542,hidden,43.57454299926758,2.5,1.345634937286377,fixation,1.0
64,3,18.0,Incongruent,18_0.449_0.204.png,1.064017653465271,0.456,0.199,,,,8.02354121208191,49.562767028808594,1.0,2.3707435131073,hidden,52.933509826660156,2.5,1.1527976989746094,fixation,1.0
65,3,3.0,Incongruent,3_0.102_0.265.png,1.0591484308242798,0.095,0.256,,,,8.286080241203308,58.650325775146484,1.0,2.3115057945251465,hidden,61.96183395385742,2.5,1.4745744466781616,fixation,1.0
66,3,18.0,Incongruent,18_0.653_0.000.png,1.3798037767410278,0.655,0.0,,,,8.03488552570343,67.99555206298828,1.0,2.3707435131073,hidden,71.36630249023438,2.5,1.1641420125961304,fixation,1.0
67,3,22.0,Congruent,13b_0.612_0.388.png,1.3798037767410278,0.619,0.396,,,,8.224956512451172,77.41024780273438,1.0,1.354212999343872,hidden,79.76445770263672,2.5,2.3707435131073,fixation,1.0
68,3,9.0,Medium,9_0.163_0.469.png,1.1390917301177979,0.165,0.472,,,,8.271893739700317,87.01500701904297,1.0,1.4011502265930176,hidden,89.41615295410156,2.5,2.3707435131073,fixation,1.0
69,3,8.0,Congruent,8_0.510_0.980.png,1.306718111038208,0.507,0.979,,,,7.371990084648132,96.42598724365234,1.0,1.4629201889038086,hidden,98.88890838623047,2.5,1.4090698957443237,fixation,1.0
70,3,20.0,Medium,20_0.898_0.755.png,1.0697580575942993,0.904,0.764,,,,8.114062190055847,105.10469818115234,1.0,1.2433186769485474,hidden,107.34801483154297,2.5,2.3707435131073,fixation,1.0
71,3,2.0,Incongruent,2_0.653_0.531.png,1.3798037767410278,0.645,0.537,,,,8.148288130760193,114.28852081298828,1.0,1.6698496341705322,hidden,116.95836639404297,2.5,1.9784384965896606,fixation,1.0
72,3,8.0,Congruent,8_0.918_0.286.png,1.3798037767410278,0.918,0.285,,,,7.641366958618164,123.81661224365234,1.0,1.9921115636825562,hidden,126.80872344970703,2.5,1.149255394935608,fixation,1.0
73,3,22.0,Congruent,13b_0.490_0.796.png,1.1077442169189453,0.498,0.789,,,,8.432056665420532,132.83778381347656,1.0,2.3707435131073,hidden,136.20852661132812,2.5,1.5613131523132324,fixation,1.0
74,3,2.0,Incongruent,2_0.898_0.000.png,1.19366455078125,0.897,0.008,,,,8.132838726043701,142.37757873535156,1.0,2.2935681343078613,hidden,145.67115783691406,2.5,1.3392705917358398,fixation,1.0
75,3,11.0,Congruent,11_0.673_0.469.png,1.3798037767410278,0.671,0.479,,,,7.4603108167648315,151.70408630371094,1.0,1.5206023454666138,hidden,154.2246856689453,2.5,1.4397084712982178,fixation,1.0
76,3,1.0,Medium,1_0.694_0.510.png,1.36207115650177,0.698,0.513,,,,8.692756414413452,160.54420471191406,1.0,2.3707435131073,hidden,163.91494750976562,2.5,1.8220129013061523,fixation,1.0
77,3,3.0,Incongruent,3_0.490_0.224.png,1.3798037767410278,0.493,0.228,,,,7.739521384239197,170.59902954101562,1.0,1.4375683069229126,hidden,173.03659057617188,2.5,1.8019530773162842,fixation,1.0
78,3,22.0,Congruent,13b_0.857_0.367.png,1.3798037767410278,0.853,0.36,,,,9.2414870262146,179.71835327148438,1.0,2.3707435131073,hidden,183.08909606933594,2.5,2.3707435131073,fixation,1.0
79,3,1.0,Medium,1_0.490_0.224.png,1.3798037767410278,0.491,0.22,,,,7.314507246017456,190.3396453857422,1.0,1.2826323509216309,hidden,192.62228393554688,2.5,1.5318748950958252,fixation,1.0
80,3,20.0,Medium,20_0.959_0.388.png,0.9456442594528198,0.959,0.393,,,,7.781188726425171,199.03395080566406,1.0,1.4734594821929932,hidden,201.50741577148438,2.5,1.8077292442321777,fixation,1.0
81,3,18.0,Incongruent,18_0.265_0.163.png,1.3798037767410278,0.272,0.169,,,,9.2414870262146,207.7607879638672,1.0,2.3707435131073,hidden,211.13153076171875,2.5,2.3707435131073,fixation,1.0
82,3,11.0,Congruent,11_0.449_0.531.png,1.3798037767410278,0.457,0.533,,,,6.89218807220459,218.382080078125,1.0,1.2112154960632324,hidden,220.59329223632812,2.5,1.1809725761413574,fixation,1.0
83,3,9.0,Medium,9_0.408_0.347.png,1.3798037767410278,0.404,0.344,,,,7.825135827064514,226.65406799316406,1.0,1.7499593496322632,hidden,229.40403747558594,2.5,1.575176477432251,fixation,1.0
84,3,3.0,Incongruent,3_0.245_0.082.png,1.3798037767410278,0.251,0.085,,,,9.11094856262207,235.8590087890625,1.0,2.2402050495147705,hidden,239.09921264648438,2.5,2.3707435131073,fixation,1.0
85,3,1.0,Medium,1_0.959_0.367.png,1.1456825733184814,0.951,0.358,,,,8.808080673217773,246.34976196289062,1.0,1.9373371601104736,hidden,249.28709411621094,2.5,2.3707435131073,fixation,1.0
86,3,,Fixation,,1.3437433242797852,,,fixation,5.0,run_end,3.4553375244140625,256.30352783203125,0.0,1.6315325498580933,hidden,257.93505859375,0.0,1.8238049745559692,fixation,0.0
87,4,,Fixation,,1.0256133079528809,,,fixation,10.0,run_start,2.803594470024109,0.0,0.0,1.2443146705627441,hidden,1.2443146705627441,0.0,1.5592797994613647,fixation,0.0
88,4,22.0,Congruent,13b_0.694_0.592.png,1.3798037767410278,0.695,0.587,,,,8.120633006095886,3.8292078971862793,1.0,2.3707435131073,hidden,7.199951171875,2.5,1.2498894929885864,fixation,1.0
89,4,11.0,Congruent,11_0.000_0.735.png,1.1101744174957275,0.0,0.725,,,,8.563734531402588,13.329644203186035,1.0,2.3707435131073,hidden,16.700387954711914,2.5,1.692991018295288,fixation,1.0
90,4,18.0,Incongruent,18_0.102_0.367.png,0.9827962517738342,0.095,0.374,,,,8.148191928863525,23.00355339050293,1.0,1.2774484157562256,hidden,25.281002044677734,2.5,2.3707435131073,fixation,1.0
91,4,1.0,Medium,1_0.306_0.020.png,1.2225393056869507,0.307,0.026,,,,8.430468797683716,32.13454055786133,1.0,1.559725284576416,hidden,34.69426727294922,2.5,2.3707435131073,fixation,1.0
92,4,8.0,Congruent,8_0.265_0.898.png,1.1669400930404663,0.272,0.902,,,,9.096728801727295,41.78754806518555,1.0,2.3707435131073,hidden,45.158294677734375,2.5,2.225985288619995,fixation,1.0
93,4,9.0,Medium,9_0.000_0.429.png,1.2029752731323242,0.006,0.424,,,,7.661795496940613,52.05121994018555,1.0,1.9800833463668823,hidden,55.03130340576172,2.5,1.1817121505737305,fixation,1.0
94,4,22.0,Congruent,13b_0.918_0.755.png,1.3798037767410278,0.927,0.754,,,,8.841933131217957,60.91598892211914,1.0,2.3707435131073,hidden,64.28673553466797,2.5,1.9711896181106567,fixation,1.0
95,4,11.0,Congruent,11_0.571_0.286.png,1.052272915840149,0.578,0.279,,,,8.329729795455933,71.13772583007812,1.0,2.3707435131073,hidden,74.50846862792969,2.5,1.4589862823486328,fixation,1.0
96,4,22.0,Congruent,13b_0.816_0.551.png,1.3798037767410278,0.816,0.546,,,,8.674666047096252,80.51972961425781,1.0,2.325192928314209,hidden,83.84492492675781,2.5,1.8494731187820435,fixation,1.0
97,4,1.0,Medium,1_0.490_0.082.png,1.3798037767410278,0.495,0.083,,,,8.189342021942139,90.5741958618164,1.0,2.3707435131073,hidden,93.94493865966797,2.5,1.3185985088348389,fixation,1.0
98,4,11.0,Congruent,11_0.286_1.000.png,1.3798037767410278,0.285,1.0,,,,7.178822755813599,100.14334106445312,1.0,1.3758248090744019,hidden,102.51917266845703,2.5,1.3029979467391968,fixation,1.0
99,4,9.0,Medium,9_0.265_0.408.png,1.3798037767410278,0.261,0.407,,,,7.069891333580017,108.70197296142578,1.0,1.2695136070251465,hidden,110.97148132324219,2.5,1.3003777265548706,fixation,1.0
100,4,2.0,Incongruent,2_0.714_0.469.png,1.3408629894256592,0.722,0.473,,,,9.2414870262146,117.15166473388672,1.0,2.3707435131073,hidden,120.52240753173828,2.5,2.3707435131073,fixation,1.0
101,4,3.0,Incongruent,3_0.286_0.367.png,1.046297311782837,0.287,0.36,,,,7.6568275690078735,127.73401641845703,1.0,1.3321138620376587,hidden,130.06613159179688,2.5,1.8247137069702148,fixation,1.0
102,4,20.0,Medium,20_0.796_0.612.png,1.3798037767410278,0.792,0.608,,,,8.942881345748901,136.4371337890625,1.0,2.3707435131073,hidden,139.80789184570312,2.5,2.0721378326416016,fixation,1.0
103,4,2.0,Incongruent,2_0.612_0.000.png,1.1434824466705322,0.603,0.0,,,,8.047492980957031,146.75982666015625,1.0,1.4923536777496338,hidden,149.25218200683594,2.5,2.0551393032073975,fixation,1.0
104,4,20.0,Medium,20_0.694_0.857.png,1.251401424407959,0.692,0.856,,,,7.798214316368103,155.9508056640625,1.0,1.182273030281067,hidden,158.13307189941406,2.5,2.115941286087036,fixation,1.0
105,4,8.0,Congruent,8_0.878_0.633.png,1.0977922677993774,0.868,0.632,,,,9.2414870262146,165.0004119873047,1.0,2.3707435131073,hidden,168.37115478515625,2.5,2.3707435131073,fixation,1.0
106,4,3.0,Incongruent,3_0.306_0.510.png,1.028214454650879,0.311,0.517,,,,8.564911246299744,175.33969116210938,1.0,1.6941677331924438,hidden,178.0338592529297,2.5,2.3707435131073,fixation,1.0
107,4,18.0,Incongruent,18_0.653_0.490.png,1.3798037767410278,0.654,0.498,,,,7.057735085487366,184.9328155517578,1.0,1.2724034786224365,hidden,187.20523071289062,2.5,1.2853316068649292,fixation,1.0
108,4,20.0,Medium,20_0.796_0.898.png,1.3798037767410278,0.79,0.898,,,,8.206849932670593,193.370361328125,1.0,1.3361064195632935,hidden,195.7064666748047,2.5,2.3707435131073,fixation,1.0
109,4,9.0,Medium,9_0.082_0.163.png,1.1584205627441406,0.079,0.167,,,,8.765131115913391,202.95701599121094,1.0,1.8943876028060913,hidden,205.85140991210938,2.5,2.3707435131073,fixation,1.0
110,4,18.0,Incongruent,18_0.286_0.449.png,1.3798037767410278,0.278,0.444,,,,8.747201204299927,212.8805694580078,1.0,1.876457691192627,hidden,215.75701904296875,2.5,2.3707435131073,fixation,1.0
111,4,1.0,Medium,1_0.776_0.408.png,1.0808013677597046,0.777,0.414,,,,9.2414870262146,223.007568359375,1.0,2.3707435131073,hidden,226.37831115722656,2.5,2.3707435131073,fixation,1.0
112,4,3.0,Incongruent,3_0.449_0.102.png,1.3798037767410278,0.451,0.109,,,,8.481662273406982,233.32986450195312,1.0,2.3707435131073,hidden,236.7006072998047,2.5,1.6109187602996826,fixation,1.0
113,4,8.0,Congruent,8_0.714_0.735.png,1.3798037767410278,0.719,0.743,,,,8.372087121009827,243.1913299560547,1.0,1.5013436079025269,hidden,245.6926727294922,2.5,2.3707435131073,fixation,1.0
114,4,2.0,Incongruent,2_0.755_0.143.png,1.3248398303985596,0.753,0.149,,,,8.4138343334198,252.94322204589844,1.0,1.5430908203125,hidden,255.48631286621094,2.5,2.3707435131073,fixation,1.0
115,4,,Fixation,,0.9616766571998596,,,fixation,5.0,run_end,3.2510217428207397,262.681884765625,0.0,1.8728467226028442,hidden,264.55474853515625,0.0,1.3781750202178955,fixation,0.0
116,5,,Fixation,,1.3798037767410278,,,fixation,10.0,run_start,4.366246819496155,0.0,0.0,1.995503306388855,hidden,1.995503306388855,0.0,2.3707435131073,fixation,0.0
117,5,1.0,Medium,1_0.571_0.408.png,1.0342042446136475,0.562,0.399,,,,8.443603277206421,5.746050834655762,1.0,2.072859764099121,hidden,8.818910598754883,2.0,2.3707435131073,fixation,1.0
118,5,11.0,Congruent,11_0.000_0.612.png,1.3798037767410278,0.0,0.622,,,,8.572675466537476,15.223857879638672,1.0,2.2541654109954834,hidden,18.478023529052734,2.0,2.318510055541992,fixation,1.0
119,5,3.0,Incongruent,3_0.347_0.592.png,1.2406305074691772,0.351,0.583,,,,7.740678429603577,25.17633819580078,1.0,2.3707435131073,hidden,28.547080993652344,2.0,1.3699349164962769,fixation,1.0
120,5,2.0,Incongruent,2_0.592_0.184.png,1.3798037767410278,0.587,0.179,,,,8.105658173561096,34.15764617919922,1.0,1.7349146604537964,hidden,36.89256286621094,2.0,2.3707435131073,fixation,1.0
121,5,9.0,Medium,9_0.000_0.082.png,1.3798037767410278,0.0,0.087,,,,7.144309163093567,43.64310836791992,1.0,1.5155129432678223,hidden,46.15862274169922,2.0,1.6287962198257446,fixation,1.0
122,5,3.0,Incongruent,3_0.204_0.367.png,1.0833479166030884,0.209,0.357,,,,7.51346480846405,52.16722106933594,1.0,1.1427212953567505,hidden,54.30994415283203,2.0,2.3707435131073,fixation,1.0
123,5,1.0,Medium,1_0.735_0.449.png,1.052870750427246,0.727,0.445,,,,7.622144460678101,60.764034271240234,1.0,1.941176414489746,hidden,63.7052116394043,2.0,1.6809680461883545,fixation,1.0
124,5,18.0,Incongruent,18_0.571_0.286.png,1.3798037767410278,0.571,0.287,,,,8.702064752578735,69.43904876708984,1.0,2.3313212394714355,hidden,72.77037048339844,2.0,2.3707435131073,fixation,1.0
125,5,11.0,Congruent,11_0.143_0.776.png,1.1683648824691772,0.152,0.775,,,,8.7414870262146,79.52091979980469,1.0,2.3707435131073,hidden,82.89166259765625,2.0,2.3707435131073,fixation,1.0
126,5,3.0,Incongruent,3_0.551_0.367.png,1.3798037767410278,0.558,0.357,,,,8.701381206512451,89.43077087402344,1.0,2.3306376934051514,hidden,92.76140594482422,2.0,2.3707435131073,fixation,1.0
127,5,22.0,Congruent,13b_0.653_0.959.png,1.3798037767410278,0.648,0.965,,,,8.7414870262146,99.51195526123047,1.0,2.3707435131073,hidden,102.88269805908203,2.0,2.3707435131073,fixation,1.0
128,5,9.0,Medium,9_0.673_0.469.png,1.1760649681091309,0.675,0.461,,,,7.473819375038147,109.63324737548828,1.0,1.3957065343856812,hidden,112.0289535522461,2.0,2.078112840652466,fixation,1.0
129,5,1.0,Medium,1_0.449_0.388.png,1.3798037767410278,0.441,0.379,,,,7.841242671012878,118.28312683105469,1.0,2.1055803298950195,hidden,121.38871002197266,2.0,1.7356623411178589,fixation,1.0
130,5,18.0,Incongruent,18_0.265_0.061.png,0.9503183960914612,0.256,0.067,,,,7.221213698387146,127.5041732788086,1.0,1.660402536392212,hidden,130.16458129882812,2.0,1.560811161994934,fixation,1.0
131,5,9.0,Medium,9_0.367_0.286.png,1.3798037767410278,0.376,0.281,,,,7.679198145866394,135.6757049560547,1.0,2.2438087463378906,hidden,138.9195098876953,2.0,1.4353893995285034,fixation,1.0
132,5,22.0,Congruent,13b_0.612_0.980.png,1.3798037767410278,0.603,0.986,,,,6.7353575229644775,144.73471069335938,1.0,1.3281553983688354,hidden,147.0628662109375,2.0,1.407202124595642,fixation,1.0
133,5,11.0,Congruent,11_0.388_0.510.png,1.3798037767410278,0.388,0.5,,,,8.008038759231567,152.84986877441406,1.0,1.6372952461242676,hidden,155.48716735839844,2.0,2.3707435131073,fixation,1.0
134,5,20.0,Medium,20_0.510_0.551.png,1.313979148864746,0.518,0.553,,,,8.7414870262146,162.2377166748047,1.0,2.3707435131073,hidden,165.60845947265625,2.0,2.3707435131073,fixation,1.0
135,5,2.0,Incongruent,2_1.000_0.306.png,1.0043139457702637,1.0,0.314,,,,7.715404510498047,172.29318237304688,1.0,1.344660997390747,hidden,174.63784790039062,2.0,2.3707435131073,fixation,1.0
136,5,8.0,Congruent,8_0.694_1.000.png,1.3798037767410278,0.694,1.0,,,,7.719686388969421,181.0128936767578,1.0,1.3489428758621216,hidden,183.36184692382812,2.0,2.3707435131073,fixation,1.0
137,5,20.0,Medium,20_0.347_0.327.png,1.3798037767410278,0.34,0.319,,,,7.103458046913147,190.11239624023438,1.0,1.7681691646575928,hidden,192.88055419921875,2.0,1.3352888822555542,fixation,1.0
138,5,22.0,Congruent,13b_1.000_0.633.png,1.1880619525909424,1.0,0.623,,,,8.610395193099976,198.5956573486328,1.0,2.239651679992676,hidden,201.83529663085938,2.0,2.3707435131073,fixation,1.0
139,5,18.0,Incongruent,18_0.122_0.347.png,1.3798037767410278,0.121,0.351,,,,7.621074914932251,208.39410400390625,1.0,1.2503314018249512,hidden,210.64443969726562,2.0,2.3707435131073,fixation,1.0
140,5,8.0,Congruent,8_0.959_0.857.png,1.096814751625061,0.953,0.862,,,,8.620754480361938,217.39498901367188,1.0,2.2500109672546387,hidden,220.64500427246094,2.0,2.3707435131073,fixation,1.0
141,5,2.0,Incongruent,2_0.429_0.531.png,1.3798037767410278,0.435,0.532,,,,7.615958213806152,227.112548828125,1.0,1.9066129922866821,hidden,230.0191650390625,2.0,1.7093452215194702,fixation,1.0
142,5,8.0,Congruent,8_0.857_0.837.png,1.3798037767410278,0.866,0.827,,,,6.826739430427551,236.1083221435547,1.0,1.5901132822036743,hidden,238.69842529296875,2.0,1.236626148223877,fixation,1.0
143,5,20.0,Medium,20_0.837_0.551.png,1.0586732625961304,0.838,0.546,,,,7.1934990882873535,244.3148651123047,1.0,1.985402226448059,hidden,247.30026245117188,2.0,1.2080968618392944,fixation,1.0
144,5,,Fixation,,1.2148133516311646,,,fixation,5.0,run_end,3.6887389421463013,252.56703186035156,0.0,2.3707435131073,hidden,254.93777465820312,0.0,1.3179954290390015,fixation,0.0
145,6,,Fixation,,1.1901555061340332,,,fixation,10.0,run_start,3.896886944770813,0.0,0.0,1.5261434316635132,hidden,1.5261434316635132,0.0,2.3707435131073,fixation,0.0
146,6,18.0,Incongruent,18_0.367_0.327.png,1.3798037767410278,0.362,0.332,,,,8.19649088382721,5.087042331695557,1.0,1.8257473707199097,hidden,7.912789821624756,2.0,2.3707435131073,fixation,1.0
147,6,2.0,Incongruent,2_0.490_0.408.png,1.3798037767410278,0.495,0.417,,,,8.565110206604004,14.663336753845215,1.0,2.3707435131073,hidden,18.034080505371094,2.0,2.194366693496704,fixation,1.0
148,6,3.0,Incongruent,3_0.367_0.388.png,1.3798037767410278,0.359,0.393,,,,7.735559701919556,24.608251571655273,1.0,2.3707435131073,hidden,27.978994369506836,2.0,1.3648161888122559,fixation,1.0
149,6,22.0,Congruent,13b_0.878_1.000.png,0.9819889664649963,0.884,1.0,,,,8.1184720993042,33.72361373901367,1.0,1.7477285861968994,hidden,36.471343994140625,2.0,2.3707435131073,fixation,1.0
150,6,2.0,Incongruent,2_0.673_0.429.png,1.3798037767410278,0.664,0.437,,,,8.118867635726929,42.824073791503906,1.0,2.046407461166382,hidden,45.8704833984375,2.0,2.072460174560547,fixation,1.0
151,6,11.0,Congruent,11_0.306_0.429.png,1.3798037767410278,0.309,0.433,,,,8.213990211486816,52.32274627685547,1.0,2.3707435131073,hidden,55.69348907470703,2.0,1.8432466983795166,fixation,1.0
152,6,8.0,Congruent,8_0.551_0.551.png,1.2697983980178833,0.545,0.547,,,,8.099980473518372,61.916542053222656,1.0,2.3707435131073,hidden,65.28728485107422,2.0,1.7292369604110718,fixation,1.0
153,6,20.0,Medium,20_0.490_0.714.png,1.3798037767410278,0.485,0.717,,,,8.7414870262146,71.28632354736328,1.0,2.3707435131073,hidden,74.65706634521484,2.0,2.3707435131073,fixation,1.0
154,6,9.0,Medium,9_0.265_0.184.png,1.3798037767410278,0.27,0.176,,,,7.775797486305237,81.40760803222656,1.0,1.8573038578033447,hidden,84.2649154663086,2.0,1.918493628501892,fixation,1.0
155,6,1.0,Medium,1_0.592_0.408.png,1.3798037767410278,0.583,0.416,,,,7.424149751663208,90.5632095336914,1.0,1.4782440662384033,hidden,93.04145812988281,2.0,1.9459056854248047,fixation,1.0
156,6,11.0,Congruent,11_0.388_0.388.png,1.3798037767410278,0.394,0.378,,,,7.8120115995407104,99.3671646118164,1.0,1.6974667310714722,hidden,102.06462860107422,2.0,2.1145448684692383,fixation,1.0
157,6,8.0,Congruent,8_1.000_0.959.png,1.2015036344528198,0.993,0.969,,,,6.866258502006531,108.5589828491211,1.0,1.2099871635437012,hidden,110.76896667480469,2.0,1.6562713384628296,fixation,1.0
158,6,20.0,Medium,20_0.837_0.918.png,1.3798037767410278,0.846,0.918,,,,7.580529808998108,116.62673950195312,1.0,1.4263745546340942,hidden,119.05311584472656,2.0,2.1541552543640137,fixation,1.0
159,6,22.0,Congruent,13b_0.816_0.694.png,1.3798037767410278,0.813,0.696,,,,7.825226664543152,125.58707427978516,1.0,1.454483151435852,hidden,128.04156494140625,2.0,2.3707435131073,fixation,1.0
160,6,11.0,Congruent,11_0.204_0.653.png,1.2880743741989136,0.199,0.651,,,,7.800808072090149,134.7921142578125,1.0,2.3707435131073,hidden,138.16285705566406,2.0,1.4300645589828491,fixation,1.0
161,6,18.0,Incongruent,18_0.449_0.000.png,1.3798037767410278,0.452,0.0,,,,7.49016797542572,143.88099670410156,1.0,1.583788275718689,hidden,146.46478271484375,2.0,1.9063796997070312,fixation,1.0
162,6,20.0,Medium,20_0.898_0.551.png,1.3798037767410278,0.892,0.544,,,,7.772448658943176,152.75096130371094,1.0,1.4017051458358765,hidden,155.1526641845703,2.0,2.3707435131073,fixation,1.0
163,6,22.0,Congruent,13b_0.755_1.000.png,1.3798037767410278,0.745,1.0,,,,8.418540000915527,161.90321350097656,1.0,2.3707435131073,hidden,165.27395629882812,2.0,2.0477964878082275,fixation,1.0
164,6,3.0,Incongruent,3_0.224_0.347.png,1.3798037767410278,0.219,0.339,,,,8.7414870262146,171.70155334472656,1.0,2.3707435131073,hidden,175.07229614257812,2.0,2.3707435131073,fixation,1.0
165,6,9.0,Medium,9_0.735_0.327.png,1.131202220916748,0.729,0.331,,,,6.732272267341614,181.82284545898438,1.0,1.4093310832977295,hidden,184.232177734375,2.0,1.3229411840438843,fixation,1.0
166,6,8.0,Congruent,8_0.571_0.653.png,0.9636082649230957,0.575,0.659,,,,7.461036920547485,189.6863250732422,1.0,1.4681936502456665,hidden,192.15451049804688,2.0,1.9928432703018188,fixation,1.0
167,6,1.0,Medium,1_0.755_0.592.png,1.3798037767410278,0.754,0.584,,,,8.23424518108368,198.1109619140625,1.0,1.8635016679763794,hidden,200.97447204589844,2.0,2.3707435131073,fixation,1.0
168,6,2.0,Incongruent,2_0.653_0.367.png,1.3798037767410278,0.661,0.371,,,,8.563030481338501,207.7250213623047,1.0,2.3707435131073,hidden,211.09576416015625,2.0,2.192286968231201,fixation,1.0
169,6,9.0,Medium,9_0.204_0.286.png,1.3000534772872925,0.201,0.283,,,,8.219333171844482,217.6678466796875,1.0,2.2221860885620117,hidden,220.89002990722656,2.0,1.9971470832824707,fixation,1.0
170,6,1.0,Medium,1_0.694_0.531.png,1.095583200454712,0.697,0.524,,,,8.362642288208008,227.18724060058594,1.0,1.991898775100708,hidden,230.17913818359375,2.0,2.3707435131073,fixation,1.0
171,6,18.0,Incongruent,18_0.020_0.592.png,1.3798037767410278,0.022,0.596,,,,7.653618931770325,236.6454620361328,1.0,2.3707435131073,hidden,240.01620483398438,2.0,1.282875418663025,fixation,1.0
172,6,3.0,Incongruent,3_0.163_0.531.png,1.3798037767410278,0.163,0.526,,,,8.03662383556366,245.6788787841797,1.0,2.3707435131073,hidden,249.0496368408203,2.0,1.6658803224563599,fixation,1.0
173,6,,Fixation,,1.3798037767410278,,,fixation,5.0,run_end,4.7414870262146,255.09530639648438,0.0,2.3707435131073,hidden,257.466064453125,0.0,2.3707435131073,fixation,0.0
174,7,,Fixation,,1.3798037767410278,,,fixation,10.0,run_start,3.505365490913391,0.0,0.0,1.1346219778060913,hidden,1.1346219778060913,0.0,2.3707435131073,fixation,0.0
175,7,1.0,Medium,1_0.816_0.469.png,1.3798037767410278,0.811,0.462,,,,8.320477724075317,4.88516902923584,1.0,1.9497342109680176,hidden,7.834903717041016,2.0,2.3707435131073,fixation,1.0
176,7,8.0,Congruent,8_0.735_0.796.png,1.3392741680145264,0.736,0.794,,,,6.926352262496948,14.585451126098633,1.0,1.657787561416626,hidden,17.24323844909668,2.0,1.2685647010803223,fixation,1.0
177,7,2.0,Incongruent,2_0.469_0.510.png,1.3798037767410278,0.464,0.509,,,,8.439173460006714,22.851078033447266,1.0,2.3707435131073,hidden,26.221820831298828,2.0,2.068429946899414,fixation,1.0
178,7,22.0,Congruent,13b_0.837_0.673.png,1.3798037767410278,0.831,0.677,,,,7.990744948387146,32.6700553894043,1.0,1.6200014352798462,hidden,35.29005432128906,2.0,2.3707435131073,fixation,1.0
179,7,20.0,Medium,20_0.735_0.653.png,1.3798037767410278,0.729,0.65,,,,8.7414870262146,42.04060363769531,1.0,2.3707435131073,hidden,45.411346435546875,2.0,2.3707435131073,fixation,1.0
180,7,9.0,Medium,9_0.490_0.000.png,1.3798037767410278,0.485,0.0,,,,7.652471542358398,52.161895751953125,1.0,1.3677504062652588,hidden,54.52964401245117,2.0,2.2847211360931396,fixation,1.0
181,7,1.0,Medium,1_0.551_0.245.png,1.3798037767410278,0.545,0.254,,,,8.19735562801361,61.19416809082031,1.0,1.826612114906311,hidden,64.02078247070312,2.0,2.3707435131073,fixation,1.0
182,7,11.0,Congruent,11_0.102_0.469.png,1.3798037767410278,0.095,0.479,,,,7.606411814689636,70.77133178710938,1.0,2.028094530105591,hidden,73.79942321777344,2.0,1.5783172845840454,fixation,1.0
183,7,18.0,Incongruent,18_0.531_0.388.png,1.3798037767410278,0.538,0.381,,,,7.06936776638031,79.7575454711914,1.0,1.1945585012435913,hidden,81.95210266113281,2.0,1.8748092651367188,fixation,1.0
184,7,20.0,Medium,20_1.000_0.918.png,1.0531771183013916,0.998,0.914,,,,6.569618582725525,88.20671844482422,1.0,1.3353159427642822,hidden,90.54203033447266,2.0,1.2343026399612427,fixation,1.0
185,7,18.0,Incongruent,18_0.612_0.102.png,1.2813509702682495,0.605,0.112,,,,6.638105988502502,95.82951354980469,1.0,1.2100187540054321,hidden,98.0395278930664,2.0,1.4280872344970703,fixation,1.0
186,7,22.0,Congruent,13b_0.776_0.551.png,1.3207241296768188,0.779,0.555,,,,8.7414870262146,103.74897003173828,1.0,2.3707435131073,hidden,107.11971282958984,2.0,2.3707435131073,fixation,1.0
187,7,2.0,Incongruent,2_0.571_0.449.png,1.3798037767410278,0.578,0.441,,,,8.597110986709595,113.8111801147461,1.0,2.3707435131073,hidden,117.18192291259766,2.0,2.226367473602295,fixation,1.0
188,7,3.0,Incongruent,3_0.449_0.388.png,1.0141644477844238,0.441,0.386,,,,7.865681052207947,123.78809356689453,1.0,1.494937539100647,hidden,126.28303527832031,2.0,2.3707435131073,fixation,1.0
189,7,1.0,Medium,1_1.000_0.265.png,0.9517288208007812,1.0,0.262,,,,8.7414870262146,132.66793823242188,1.0,2.3707435131073,hidden,136.03868103027344,2.0,2.3707435131073,fixation,1.0
190,7,20.0,Medium,20_0.837_0.388.png,1.3798037767410278,0.834,0.384,,,,7.849979400634766,142.3611602783203,1.0,2.3707435131073,hidden,145.73190307617188,2.0,1.4792358875274658,fixation,1.0
191,7,3.0,Incongruent,3_0.388_0.388.png,1.3798037767410278,0.396,0.382,,,,6.659722805023193,151.5909423828125,1.0,1.129529595375061,hidden,153.72047424316406,2.0,1.5301932096481323,fixation,1.0
192,7,2.0,Incongruent,2_0.510_0.000.png,1.3798037767410278,0.515,0.0,,,,7.561530590057373,159.63046264648438,1.0,1.1907870769500732,hidden,161.82125854492188,2.0,2.3707435131073,fixation,1.0
193,7,8.0,Congruent,8_0.592_0.531.png,1.3798037767410278,0.599,0.527,,,,8.120443224906921,168.57179260253906,1.0,2.27907657623291,hidden,171.8508758544922,2.0,1.8413666486740112,fixation,1.0
194,7,3.0,Incongruent,3_0.286_0.224.png,1.076926589012146,0.281,0.216,,,,7.566440582275391,178.07205200195312,1.0,1.1956970691680908,hidden,180.2677459716797,2.0,2.3707435131073,fixation,1.0
195,7,9.0,Medium,9_0.000_0.469.png,1.0193108320236206,0.0,0.473,,,,8.077234387397766,186.7154083251953,1.0,2.117110013961792,hidden,189.83251953125,2.0,1.9601243734359741,fixation,1.0
196,7,22.0,Congruent,13b_0.755_1.000.png,1.3798037767410278,0.75,1.0,,,,7.625495791435242,195.8119659423828,1.0,2.3707435131073,hidden,199.18270874023438,2.0,1.254752278327942,fixation,1.0
197,7,9.0,Medium,9_0.694_0.327.png,1.0724210739135742,0.691,0.329,,,,8.182023763656616,204.8172607421875,1.0,2.3707435131073,hidden,208.18800354003906,2.0,1.8112802505493164,fixation,1.0
198,7,11.0,Congruent,11_0.388_0.551.png,1.3798037767410278,0.386,0.555,,,,8.382472038269043,214.0717010498047,1.0,2.011728525161743,hidden,217.08343505859375,2.0,2.3707435131073,fixation,1.0
199,7,8.0,Congruent,8_0.980_0.653.png,1.3798037767410278,0.978,0.643,,,,6.515780448913574,223.833984375,1.0,1.3727694749832153,hidden,226.20675659179688,2.0,1.1430109739303589,fixation,1.0
200,7,11.0,Congruent,11_0.245_0.857.png,1.3798037767410278,0.255,0.861,,,,6.713299751281738,231.7295684814453,1.0,1.4972931146621704,hidden,234.2268524169922,2.0,1.2160066366195679,fixation,1.0
201,7,18.0,Incongruent,18_0.551_0.449.png,0.9681790471076965,0.55,0.441,,,,7.863315105438232,239.82266235351562,1.0,2.3707435131073,hidden,243.1934051513672,2.0,1.4925715923309326,fixation,1.0
202,7,,Fixation,,1.2107092142105103,,,fixation,5.0,run_end,4.7414870262146,248.65415954589844,0.0,2.3707435131073,hidden,251.02490234375,0.0,2.3707435131073,fixation,0.0
203,8,,Fixation,,1.3798037767410278,,,fixation,10.0,run_start,4.175020098686218,0.0,0.0,2.217961311340332,hidden,2.217961311340332,0.0,1.9570587873458862,fixation,0.0
204,8,8.0,Congruent,8_0.571_0.531.png,1.3798037767410278,0.571,0.529,,,,7.523813605308533,5.554823875427246,1.0,1.3573170900344849,hidden,7.912140846252441,2.0,2.166496515274048,fixation,1.0
205,8,22.0,Congruent,13b_0.735_0.959.png,0.9872226715087891,0.737,0.958,,,,6.554135084152222,14.458440780639648,1.0,1.270010232925415,hidden,16.728450775146484,2.0,1.2841248512268066,fixation,1.0
206,8,9.0,Medium,9_0.204_0.184.png,1.3798037767410278,0.198,0.179,,,,7.0703428983688354,21.999799728393555,1.0,1.3117809295654297,hidden,24.311580657958984,2.0,1.7585619688034058,fixation,1.0
207,8,22.0,Congruent,13b_0.796_0.857.png,1.3798037767410278,0.801,0.852,,,,6.344284415245056,30.4499454498291,1.0,1.213032603263855,hidden,32.66297912597656,2.0,1.1312518119812012,fixation,1.0
208,8,11.0,Congruent,11_0.612_0.939.png,1.2412487268447876,0.611,0.94,,,,7.910538077354431,38.174034118652344,1.0,1.7565418481826782,hidden,40.93057632446289,2.0,2.153996229171753,fixation,1.0
209,8,18.0,Incongruent,18_0.163_0.000.png,1.3798037767410278,0.158,0.0,,,,6.53716516494751,47.32582092285156,1.0,1.3258626461029053,hidden,49.65168380737305,2.0,1.2113025188446045,fixation,1.0
210,8,3.0,Incongruent,3_0.204_0.163.png,1.3407692909240723,0.208,0.168,,,,6.649054288864136,55.24279022216797,1.0,1.1334642171859741,hidden,57.37625503540039,2.0,1.5155900716781616,fixation,1.0
211,8,2.0,Incongruent,2_0.204_0.449.png,1.2565293312072754,0.21,0.458,,,,8.369115710258484,63.23261260986328,1.0,1.998372197151184,hidden,66.23098754882812,2.0,2.3707435131073,fixation,1.0
212,8,3.0,Incongruent,3_0.000_0.163.png,1.0269533395767212,0.0,0.173,,,,7.968693137168884,72.85826110839844,1.0,1.5979496240615845,hidden,75.45620727539062,2.0,2.3707435131073,fixation,1.0
213,8,22.0,Congruent,13b_0.551_1.000.png,1.2171711921691895,0.544,1.0,,,,7.79198944568634,81.8539047241211,1.0,1.4212459325790405,hidden,84.27515411376953,2.0,2.3707435131073,fixation,1.0
214,8,1.0,Medium,1_0.653_0.224.png,1.266011118888855,0.661,0.23,,,,8.7414870262146,90.86306762695312,1.0,2.3707435131073,hidden,94.23381042480469,2.0,2.3707435131073,fixation,1.0
215,8,9.0,Medium,9_0.306_0.143.png,1.3798037767410278,0.307,0.138,,,,7.978975772857666,100.87055969238281,1.0,2.198942184448242,hidden,104.06950378417969,2.0,1.7800335884094238,fixation,1.0
216,8,2.0,Incongruent,2_0.531_0.000.png,1.3798037767410278,0.537,0.0,,,,8.7414870262146,110.22933959960938,1.0,2.3707435131073,hidden,113.60009002685547,2.0,2.3707435131073,fixation,1.0
217,8,3.0,Incongruent,3_0.000_0.020.png,1.3798037767410278,0.0,0.021,,,,8.7414870262146,120.35063171386719,1.0,2.3707435131073,hidden,123.72137451171875,2.0,2.3707435131073,fixation,1.0
218,8,11.0,Congruent,11_0.306_0.898.png,1.1945611238479614,0.299,0.907,,,,7.524148464202881,130.471923828125,1.0,1.153404951095581,hidden,132.62533569335938,2.0,2.3707435131073,fixation,1.0
219,8,20.0,Medium,20_0.429_0.673.png,1.3798037767410278,0.437,0.673,,,,7.057828426361084,139.1906280517578,1.0,1.5176597833633423,hidden,141.7082977294922,2.0,1.5401686429977417,fixation,1.0
220,8,8.0,Congruent,8_0.735_0.878.png,1.3497012853622437,0.732,0.88,,,,6.978780746459961,147.62826538085938,1.0,1.4981375932693481,hidden,150.12640380859375,2.0,1.4806431531906128,fixation,1.0
221,8,18.0,Incongruent,18_0.347_0.531.png,1.0300198793411255,0.341,0.526,,,,6.363927483558655,155.9567413330078,1.0,1.2140544652938843,hidden,158.17080688476562,2.0,1.1498730182647705,fixation,1.0
222,8,2.0,Incongruent,2_0.653_0.327.png,1.3798037767410278,0.643,0.33,,,,7.1451791524887085,163.35069274902344,1.0,1.5064949989318848,hidden,165.85719299316406,2.0,1.6386841535568237,fixation,1.0
223,8,18.0,Incongruent,18_0.388_0.694.png,1.1050676107406616,0.382,0.688,,,,7.669353127479553,171.87567138671875,1.0,2.3707435131073,hidden,175.24642944335938,2.0,1.2986096143722534,fixation,1.0
224,8,1.0,Medium,1_0.571_0.020.png,1.177351474761963,0.577,0.029,,,,6.817164421081543,180.6501007080078,1.0,1.435559630393982,hidden,183.08566284179688,2.0,1.381604790687561,fixation,1.0
225,8,8.0,Congruent,8_0.653_0.551.png,1.3798037767410278,0.662,0.545,,,,8.636183738708496,188.64462280273438,1.0,2.3707435131073,hidden,192.01536560058594,2.0,2.2654402256011963,fixation,1.0
226,8,11.0,Congruent,11_0.224_0.510.png,1.3798037767410278,0.222,0.509,,,,7.609501123428345,198.6605987548828,1.0,1.238757610321045,hidden,200.89935302734375,2.0,2.3707435131073,fixation,1.0
227,8,1.0,Medium,1_1.000_0.061.png,1.3798037767410278,1.0,0.068,,,,7.672336220741272,207.64990234375,1.0,1.6003624200820923,hidden,210.25027465820312,2.0,2.0719738006591797,fixation,1.0
228,8,20.0,Medium,20_0.776_0.367.png,1.3798037767410278,0.777,0.36,,,,7.599940896034241,216.70204162597656,1.0,2.3707435131073,hidden,220.07278442382812,2.0,1.229197382926941,fixation,1.0
229,8,9.0,Medium,9_0.061_0.224.png,1.3798037767410278,0.061,0.216,,,,7.928894996643066,225.68179321289062,1.0,1.9965664148330688,hidden,228.67835998535156,2.0,1.9323285818099976,fixation,1.0
230,8,20.0,Medium,20_0.918_0.531.png,1.3798037767410278,0.919,0.529,,,,7.68204939365387,234.99049377441406,1.0,2.1453857421875,hidden,238.13587951660156,2.0,1.5366636514663696,fixation,1.0
231,8,,Fixation,,1.0729997158050537,,,fixation,5.0,run_end,4.286229610443115,244.05233764648438,0.0,1.9254240989685059,hidden,245.97776794433594,0.0,2.3608055114746094,fixation,0.0
